001101101111011100111010001101111101111000101010
001001101010100110110100000111011111110000000001
010111111101100100011100101111001110010000010111
001000011000010110011110100100011110001000011010
000110101111101100111110000100001101100010010010
010111111101010110111000001010011100001010110100
000100001110101100011010111000111000011010100101
010101001010000111100000110110001101100010000100
001000001011111101000100010100111110010001100101
001000001101101110101100000100111101000001111101
011011101101010100000110110111101111110001101000
000100011110011110011010100000001010111001010100
010011101100110101000100000000011100010011011000
010100101001111111001100010100111100111011011011
000010101101010101101100100010111001010011101111